"time"	"rain"
0	0
2	12
4	0
6	0
8	0
10	12
12	0
14	0
16	12
18	0
20	12
22	0
24	0
26	0
28	0
30	0
32	0
34	0
36	0
38	0
40	0
42	0
44	0
46	0
48	0
50	24
52	36
54	24
56	12
58	24
60	0
62	12
64	12
66	12
68	0
70	12
72	12
74	0
76	12
78	0
80	0
82	12
84	0
86	0
88	0
90	12
92	12
94	0
96	0
98	12
100	0
102	0
104	12
106	0
108	0
110	0
112	0
114	0
116	0
118	0
120	0
122	0
124	0
126	12
128	12
130	0
132	0
134	0
136	0
138	0
140	0
142	0
144	0
146	0
148	0
150	0
152	0
154	0
156	0
158	0
160	0
162	0
164	0
166	0
168	0
170	0
172	0
174	0
176	0
178	48
180	72
182	24
184	36
186	12
188	0
190	12
192	12
194	12
196	12
198	12
200	12
202	12
204	12
206	12
208	12
210	0
212	0
214	12
216	0
218	0
220	12
222	0
224	0
226	0
228	12
230	0
232	12
234	12
236	0
238	12
240	12
242	12
244	12
246	0
248	0
250	0
252	0
254	0
256	0
258	12
260	0
262	0
264	0
266	12
268	12
270	12
272	0
274	12
276	0
278	12
280	0
282	12
284	0
286	12
288	0
290	12
292	12
294	24
296	12
298	0
300	12
302	0
304	12
306	0
308	12
310	0
312	0
314	0
316	12
318	0
320	12
322	0
324	0
326	0
328	0
330	0
332	0
334	0
336	0
338	0
340	0
342	0
344	0
346	0
348	0
350	0
352	0
354	0
356	0
358	0
360	0
362	0
364	0
366	0
368	0
370	0
372	0
374	0
376	0
378	0
380	0
382	0
384	0
386	0
388	0
390	0
392	0
394	0
396	0
398	0
400	0
402	0
404	0
406	0
408	0
410	0
412	0
414	0
416	0
418	0
420	0
422	0
424	0
426	0
428	0
430	0
432	0
434	0
436	0
438	0
440	0
442	0
444	0
446	0
448	0
450	0
452	0
454	0
456	0
458	0
460	0
462	0
464	0
466	0
468	0
470	0
472	0
474	0
476	0
478	0
480	0
482	0
484	0
486	0
488	0
490	0
492	0
494	0
496	0
498	0
500	0
502	0
504	0
506	0
508	0
510	0
