"time"	"rain"
0	0
2	0
4	0
6	0
8	0
10	0
12	0
14	0
16	0
18	0
20	0
22	0
24	0
26	0
28	0
30	0
32	0
34	0
36	0
38	0
40	0
42	0
44	0
46	0
48	0
50	0
52	0
54	0
56	0
58	0
60	0
62	0
64	0
66	0
68	0
70	0
72	0
74	0
76	0
78	12
80	0
82	24
84	24
86	48
88	60
90	48
92	24
94	24
96	12
98	12
100	12
102	0
104	72
106	72
108	36
110	24
112	36
114	24
116	24
118	12
120	0
122	12
124	0
126	0
128	0
130	12
132	0
134	0
136	0
138	0
140	0
142	0
144	0
146	0
148	0
150	0
152	0
154	0
156	0
158	0
160	0
162	0
164	0
166	0
168	0
170	0
172	0
174	0
176	0
178	0
180	0
182	0
184	0
186	12
188	12
190	0
192	12
194	0
196	12
198	0
200	0
202	0
204	12
206	0
208	0
210	0
212	12
214	0
216	0
218	12
220	0
222	0
224	12
226	0
228	0
230	0
232	0
234	0
236	0
238	0
240	0
