"time"	"rain"
0	0
2	24
4	36
6	24
8	12
10	24
12	0
14	12
16	12
18	12
20	0
22	12
24	12
26	0
28	12
30	0
32	0
34	12
36	0
38	0
40	0
42	12
44	12
46	0
48	0
50	12
52	0
54	0
56	12
58	0
60	0
62	0
64	0
66	0
68	0
70	0
72	0
74	0
76	0
78	12
80	12
82	0
84	0
86	0
88	0
90	0
92	0
94	0
96	0
98	0
100	0
102	0
104	0
106	0
108	0
110	0
112	0
114	0
116	0
118	0
120	0
122	0
124	0
126	0
128	0
130	48
132	72
134	24
136	36
138	12
140	0
142	12
144	12
146	12
148	12
150	12
152	12
154	12
156	12
158	12
160	12
162	0
164	0
166	12
168	0
170	0
172	12
174	0
176	0
178	0
180	12
182	0
184	12
186	12
188	0
190	12
192	12
194	12
196	12
198	0
200	0
202	0
